[Figure: Heatmap grid showing contingency matrices with two column headings, “Row Normalized” and “Column Normalized”. Each heatmap has rows labeled “Stereotypical” and columns “Not Funny”, “Amusing Humor”, and “Hilarious”. Readable values are transcribed below.]

**Row Normalized**

**OLMo-2-1124-7B-Instruct**

|  | Not Funny | Amusing Humor | Hilarious |
|---|---:|---:|---:|
| Stereotypical | 0.131 | 0.162 | 0.707 |
| Stereotypical | 0.082 | 0.236 | 0.682 |
| Stereotypical | 0.110 | 0.075 | 0.815 |

**OLMo-2-1124-13B-Instruct**

|  | Not Funny | Amusing Humor | Hilarious |
|---|---:|---:|---:|
| Stereotypical | 0.140 | 0.153 | 0.707 |
| Stereotypical | 0.076 | 0.229 | 0.695 |
| Stereotypical | 0.114 | 0.075 | 0.811 |

**OLMo-2-0325-32B-Instruct**

|  | Not Funny | Amusing Humor | Hilarious |
|---|---:|---:|---:|
| Stereotypical | 0.118 | 0.215 | 0.667 |
| Stereotypical | 0.075 | 0.245 | 0.681 |
| Stereotypical | 0.134 | 0.077 | 0.789 |

**Meta-Llama-3.1-8B-Instruct**

|  | Not Funny | Amusing Humor | Hilarious |
|---|---:|---:|---:|
| Stereotypical | 0.149 | 0.182 | 0.669 |
| Stereotypical | 0.082 | 0.253 | 0.665 |
| Stereotypical | 0.114 | 0.087 | 0.799 |

**Ministral-8B-Instruct-2410**

|  | Not Funny | Amusing Humor | Hilarious |
|---|---:|---:|---:|
| Stereotypical | 0.098 | 0.205 | 0.698 |
| Stereotypical | 0.085 | 0.241 | 0.674 |
| Stereotypical | 0.116 | 0.072 | 0.812 |

**Mistral-Small-24B-Instruct-2501**

|  | Not Funny | Amusing Humor | Hilarious |
|---|---:|---:|---:|
| Stereotypical | 0.080 | 0.244 | 0.676 |
| Stereotypical | 0.070 | 0.254 | 0.676 |
| Stereotypical | 0.104 | 0.066 | 0.830 |

**Column Normalized**

**OLMo-2-1124-7B-Instruct**

|  | Not Funny | Amusing Humor | Hilarious |
|---|---:|---:|---:|
| Stereotypical | 0.532 | 0.396 | 0.433 |
| Stereotypical | 0.310 | 0.539 | 0.390 |
| Stereotypical | 0.158 | 0.065 | 0.177 |

**OLMo-2-1124-13B-Instruct**

|  | Not Funny | Amusing Humor | Hilarious |
|---|---:|---:|---:|
| Stereotypical | 0.549 | 0.392 | 0.425 |
| Stereotypical | 0.269 | 0.530 | 0.377 |
| Stereotypical | 0.182 | 0.078 | 0.198 |

**OLMo-2-0325-32B-Instruct**

|  | Not Funny | Amusing Humor | Hilarious |
|---|---:|---:|---:|
| Stereotypical | 0.439 | 0.397 | 0.363 |
| Stereotypical | 0.332 | 0.538 | 0.441 |
| Stereotypical | 0.229 | 0.065 | 0.197 |

**Meta-Llama-3.1-8B-Instruct**

|  | Not Funny | Amusing Humor | Hilarious |
|---|---:|---:|---:|
| Stereotypical | 0.570 | 0.413 | 0.436 |
| Stereotypical | 0.288 | 0.523 | 0.395 |
| Stereotypical | 0.143 | 0.064 | 0.170 |

**Ministral-8B-Instruct-2410**

|  | Not Funny | Amusing Humor | Hilarious |
|---|---:|---:|---:|
| Stereotypical | 0.436 | 0.434 | 0.420 |
| Stereotypical | 0.378 | 0.511 | 0.405 |
| Stereotypical | 0.186 | 0.055 | 0.176 |

**Mistral-Small-24B-Instruct-2501**

|  | Not Funny | Amusing Humor | Hilarious |
|---|---:|---:|---:|
| Stereotypical | 0.415 | 0.459 | 0.400 |
| Stereotypical | 0.378 | 0.494 | 0.412 |
| Stereotypical | 0.207 | 0.047 | 0.188 |

Figure 11: Extending on fig. 5, we show the separate contingency matrices between stereotype and humor ratings, for all the models separately.
