[Figure: Heatmap grid of contingency matrices between toxicity ratings (Not Toxic, Mild Toxic, Severe Toxic) and humor ratings (Not Funny, Amusing Humor, Hilarious), shown separately for six models. Left column is labeled “Row Normalized”; right column is labeled “Column Normalized”.]

### Row Normalized

#### OLMo-2-1124-7B-Instruct

|  | Not Funny | Amusing Humor | Hilarious |
|---|---:|---:|---:|
| Not Toxic | 0.129 | 0.241 | 0.630 |
| Mild Toxic | 0.050 | 0.047 | 0.903 |
| Severe Toxic | 0.081 | 0.074 | 0.845 |

#### OLMo-2-1124-13B-Instruct

|  | Not Funny | Amusing Humor | Hilarious |
|---|---:|---:|---:|
| Not Toxic | 0.139 | 0.250 | 0.611 |
| Mild Toxic | 0.054 | 0.052 | 0.894 |
| Severe Toxic | 0.093 | 0.079 | 0.828 |

#### OLMo-2-0325-32B-Instruct

|  | Not Funny | Amusing Humor | Hilarious |
|---|---:|---:|---:|
| Not Toxic | 0.111 | 0.272 | 0.617 |
| Mild Toxic | 0.040 | 0.046 | 0.913 |
| Severe Toxic | 0.101 | 0.079 | 0.820 |

#### Meta-Llama-3.1-8B-Instruct

|  | Not Funny | Amusing Humor | Hilarious |
|---|---:|---:|---:|
| Not Toxic | 0.135 | 0.256 | 0.609 |
| Mild Toxic | 0.063 | 0.055 | 0.882 |
| Severe Toxic | 0.089 | 0.096 | 0.815 |

#### Ministral-8B-Instruct-2410

|  | Not Funny | Amusing Humor | Hilarious |
|---|---:|---:|---:|
| Not Toxic | 0.109 | 0.270 | 0.621 |
| Mild Toxic | 0.027 | 0.046 | 0.927 |
| Severe Toxic | 0.090 | 0.070 | 0.839 |

#### Mistral-Small-24B-Instruct-2501

|  | Not Funny | Amusing Humor | Hilarious |
|---|---:|---:|---:|
| Not Toxic | 0.085 | 0.277 | 0.638 |
| Mild Toxic | 0.025 | 0.066 | 0.910 |
| Severe Toxic | 0.083 | 0.083 | 0.834 |

### Column Normalized

#### OLMo-2-1124-7B-Instruct

|  | Not Funny | Amusing Humor | Hilarious |
|---|---:|---:|---:|
| Not Toxic | 0.779 | 0.876 | 0.574 |
| Mild Toxic | 0.066 | 0.038 | 0.181 |
| Severe Toxic | 0.155 | 0.086 | 0.245 |

#### OLMo-2-1124-13B-Instruct

|  | Not Funny | Amusing Humor | Hilarious |
|---|---:|---:|---:|
| Not Toxic | 0.703 | 0.827 | 0.473 |
| Mild Toxic | 0.104 | 0.066 | 0.265 |
| Severe Toxic | 0.193 | 0.107 | 0.262 |

#### OLMo-2-0325-32B-Instruct

|  | Not Funny | Amusing Humor | Hilarious |
|---|---:|---:|---:|
| Not Toxic | 0.728 | 0.887 | 0.592 |
| Mild Toxic | 0.040 | 0.023 | 0.134 |
| Severe Toxic | 0.231 | 0.090 | 0.274 |

#### Meta-Llama-3.1-8B-Instruct

|  | Not Funny | Amusing Humor | Hilarious |
|---|---:|---:|---:|
| Not Toxic | 0.775 | 0.865 | 0.591 |
| Mild Toxic | 0.071 | 0.037 | 0.169 |
| Severe Toxic | 0.154 | 0.098 | 0.240 |

#### Ministral-8B-Instruct-2410

|  | Not Funny | Amusing Humor | Hilarious |
|---|---:|---:|---:|
| Not Toxic | 0.769 | 0.899 | 0.587 |
| Mild Toxic | 0.037 | 0.030 | 0.171 |
| Severe Toxic | 0.194 | 0.071 | 0.242 |

#### Mistral-Small-24B-Instruct-2501

|  | Not Funny | Amusing Humor | Hilarious |
|---|---:|---:|---:|
| Not Toxic | 0.768 | 0.900 | 0.651 |
| Mild Toxic | 0.028 | 0.026 | 0.115 |
| Severe Toxic | 0.204 | 0.074 | 0.234 |

Figure 12: Extending on fig. 6, we show the separate contingency matrices between toxicity and humor ratings, for all the models separately.
